3.60555 [44,30][46,27]
5.83095 [9,22][14,19]
6.08276 [31,44][25,45]
10.6301 [34,6][41,14]
10.7703 [5,43][15,47]
11.0454 [19,12][20,23]
11.0454 [16,3][5,2]
11.7047 [33,41][29,30]
12.3693 [24,17][12,14]
12.53 [28,16][17,22]
13.0384 [45,27][34,20]
13.0384 [30,14][29,27]
13.9284 [8,34][3,21]
14.3178 [46,28][32,31]
15 [13,11][13,26]
15 [12,12][3,24]
15.2643 [28,41][15,49]
15.6205 [10,19][20,7]
15.6525 [42,36][28,29]
15.6525 [28,7][14,14]
16.4924 [9,24][25,28]
16.5529 [4,38][19,45]
17.0294 [16,17][5,30]
17.088 [18,42][2,48]
17.088 [20,43][14,27]
17.1172 [23,6][6,8]
18.3576 [2,40][18,49]
18.6815 [40,5][45,23]
19.105 [32,29][46,16]
19.105 [10,26][23,40]
19.2354 [41,6][22,3]
19.4165 [18,38][34,49]
19.7231 [21,13][11,30]
20 [16,5][28,21]
20 [37,28][17,28]
20.1246 [5,0][14,18]
20.2485 [12,12][19,31]
20.5913 [17,20][35,10]
20.5913 [20,43][30,25]
20.6155 [36,13][20,26]
21.2603 [32,11][46,27]
21.4009 [10,10][23,27]
22.0907 [45,43][23,45]
22.2036 [30,24][43,6]
22.3607 [0,41][4,19]
22.6716 [19,14][36,29]
23.1948 [33,39][10,36]
23.3238 [31,27][11,15]
23.4094 [43,19][35,41]
24.1661 [7,38][17,16]
24.3311 [43,30][47,6]
24.7588 [25,21][42,3]
25 [45,15][20,15]
25.0799 [40,22][42,47]
25.6125 [26,35][46,19]
26.6271 [46,43][24,28]
27 [19,15][46,15]
27.0185 [43,15][16,14]
27.1662 [15,10][18,37]
27.2029 [27,15][11,37]
28.4605 [5,17][32,26]
29 [45,16][45,45]
29.4109 [42,1][25,25]
29.8329 [14,1][37,20]
29.8329 [41,36][34,7]
30.0832 [37,38][9,27]
30.0832 [14,19][43,11]
30.8707 [21,44][34,16]
32.5576 [13,31][35,7]
34.0588 [33,15][11,41]
34.0588 [6,39][40,37]
34.2053 [11,16][44,25]
34.6554 [39,10][14,34]
34.7851 [34,46][45,13]
34.9857 [40,27][10,9]
35.171 [42,48][33,14]
35.4683 [45,14][18,37]
36.1386 [35,21][0,12]
36.2215 [12,36][48,40]
36.3456 [38,48][2,43]
36.4006 [1,14][14,48]
36.7151 [6,38][24,6]
37.3363 [19,47][32,12]
37.6431 [26,6][2,35]
39.8246 [48,0][17,25]
39.8246 [0,13][35,32]
40.4599 [10,29][41,3]
41.1096 [13,19][44,46]
42.0476 [45,44][3,46]
42.19 [24,2][20,44]
42.4382 [5,9][29,44]
42.72 [42,17][2,32]
44.1814 [33,5][29,49]
44.6542 [45,9][20,46]
44.7772 [1,9][40,31]
46.6905 [46,26][0,18]
46.8615 [31,0][1,36]
47.1699 [8,3][25,47]
49.6488 [43,42][15,1]
53 [46,15][1,43]
